timestamp,ttl,ip,hostname,asn
1683841660,1,192.168.1.1,???,
1683841660,2,100.64.0.1,???,
1683841660,3,172.16.251.90,???,
1683841660,4,*,*,*
1683841660,5,206.224.65.190,undefined.hostname.localhost,14593
1683841660,6,*,*,*
1683841660,7,*,*,*
1683841660,8,*,*,*
1683841660,9,*,*,*
1683841660,10,*,*,*
1683841660,11,*,*,*
1683841660,12,*,*,*
1683841660,13,*,*,*
1683841660,14,*,*,*
1683841660,15,*,*,*
1683841660,16,*,*,*
1683841660,17,*,*,*
1683841660,18,*,*,*
1683841660,19,*,*,*
1683841660,20,*,*,*
1683841660,21,*,*,*
1683841660,22,*,*,*
1683841660,23,*,*,*
1683841660,24,*,*,*
1683841660,25,*,*,*
1683841660,26,*,*,*
1683841660,27,*,*,*
1683841660,28,*,*,*
1683841660,29,*,*,*
