timestamp,ttl,ip,hostname,asn
1683451806,1,192.168.1.1,???,
1683451806,2,100.64.0.1,???,
1683451806,3,172.16.251.90,???,
1683451806,4,206.224.65.208,undefined.hostname.localhost,14593
1683451806,5,206.224.65.192,undefined.hostname.localhost,14593
1683451806,6,213.144.184.30,???,6762
1683451806,7,129.250.66.17,ae-9.r00.frnkge13.de.bb.gin.ntt.net,2914
1683451806,8,129.250.6.41,ae-2.r21.frnkge13.de.bb.gin.ntt.net,2914
1683451806,9,129.250.5.27,ae-12.r21.parsfr04.fr.bb.gin.ntt.net,2914
1683451806,10,129.250.3.47,ae-0.r20.parsfr04.fr.bb.gin.ntt.net,2914
1683451806,11,129.250.4.194,ae-14.r21.nwrknj03.us.bb.gin.ntt.net,2914
1683451806,12,129.250.6.16,ae-0.r20.nwrknj03.us.bb.gin.ntt.net,2914
1683451806,13,*,*,*
1683451806,14,129.250.3.83,ae-0.r25.sttlwa01.us.bb.gin.ntt.net,2914
1683451806,15,129.250.3.61,ae-6.r26.osakjp02.jp.bb.gin.ntt.net,2914
1683451806,16,129.250.2.40,ae-1.r02.osakjp02.jp.bb.gin.ntt.net,2914
1683451806,17,140.91.218.11,???,31898
1683451806,18,*,*,*
1683451806,19,*,*,*
1683451806,20,*,*,*
1683451806,21,*,*,*
1683451806,22,*,*,*
1683451806,23,*,*,*
1683451806,24,*,*,*
1683451806,25,*,*,*
1683451806,26,*,*,*
1683451806,27,*,*,*
1683451806,28,*,*,*
1683451806,29,*,*,*
1683469430,1,192.168.1.1,???,
1683469430,2,100.64.0.1,???,
1683469430,3,172.16.251.90,???,
1683469430,4,206.224.65.208,undefined.hostname.localhost,14593
1683469430,5,206.224.65.192,undefined.hostname.localhost,14593
1683469430,6,213.144.184.30,???,6762
1683469430,7,129.250.66.17,ae-9.r00.frnkge13.de.bb.gin.ntt.net,2914
1683469430,8,129.250.6.41,ae-2.r21.frnkge13.de.bb.gin.ntt.net,2914
1683469430,9,129.250.5.27,ae-12.r21.parsfr04.fr.bb.gin.ntt.net,2914
1683469430,10,129.250.3.47,ae-0.r20.parsfr04.fr.bb.gin.ntt.net,2914
1683469430,11,129.250.4.194,ae-14.r21.nwrknj03.us.bb.gin.ntt.net,2914
1683469430,12,129.250.6.16,ae-0.r20.nwrknj03.us.bb.gin.ntt.net,2914
1683469430,13,129.250.6.177,ae-4.r24.sttlwa01.us.bb.gin.ntt.net,2914
1683469430,14,129.250.3.83,ae-0.r25.sttlwa01.us.bb.gin.ntt.net,2914
1683469430,15,129.250.3.61,ae-6.r26.osakjp02.jp.bb.gin.ntt.net,2914
1683469430,16,129.250.2.40,ae-1.r02.osakjp02.jp.bb.gin.ntt.net,2914
1683469430,17,140.91.218.11,???,31898
1683469430,18,*,*,*
1683469430,19,*,*,*
1683469430,20,*,*,*
1683469430,21,*,*,*
1683469430,22,*,*,*
1683469430,23,*,*,*
1683469430,24,*,*,*
1683469430,25,*,*,*
1683469430,26,*,*,*
1683469430,27,*,*,*
1683469430,28,*,*,*
1683469430,29,*,*,*
1683484487,1,192.168.1.1,???,
1683484487,2,100.64.0.1,???,
1683484487,3,172.16.251.90,???,
1683484487,4,206.224.65.208,undefined.hostname.localhost,14593
1683484487,5,206.224.65.192,undefined.hostname.localhost,14593
1683484487,6,213.144.184.30,???,6762
1683484487,7,129.250.66.17,ae-9.r00.frnkge13.de.bb.gin.ntt.net,2914
1683484487,8,129.250.6.41,ae-2.r21.frnkge13.de.bb.gin.ntt.net,2914
1683484487,9,*,*,*
1683484487,10,129.250.6.6,ae-13.r24.asbnva02.us.bb.gin.ntt.net,2914
1683484487,11,129.250.2.87,ae-1.r23.miamfl02.us.bb.gin.ntt.net,2914
1683484487,12,129.250.3.75,ae-5.r22.miamfl02.us.bb.gin.ntt.net,2914
1683484487,13,129.250.2.219,ae-8.r20.dllstx14.us.bb.gin.ntt.net,2914
1683484487,14,129.250.3.55,ae-1.r21.dllstx14.us.bb.gin.ntt.net,2914
1683484487,15,129.250.4.154,ae-2.r25.snjsca04.us.bb.gin.ntt.net,2914
1683484487,16,129.250.3.146,ae-5.r24.snjsca04.us.bb.gin.ntt.net,2914
1683484487,17,*,*,*
1683484487,18,129.250.3.218,ae-1.r24.lsanca07.us.bb.gin.ntt.net,2914
1683484487,19,129.250.2.177,ae-5.r27.osakjp02.jp.bb.gin.ntt.net,2914
1683484487,20,129.250.3.44,ae-0.r26.osakjp02.jp.bb.gin.ntt.net,2914
1683484487,21,129.250.2.40,ae-1.r02.osakjp02.jp.bb.gin.ntt.net,2914
1683484487,22,140.91.218.11,???,31898
1683484487,23,*,*,*
1683484487,24,*,*,*
1683484487,25,*,*,*
1683484487,26,*,*,*
1683484487,27,*,*,*
1683484487,28,*,*,*
1683484487,29,*,*,*
1683487698,1,192.168.1.1,???,
1683487698,2,100.64.0.1,???,
1683487698,3,172.16.251.90,???,
1683487698,4,206.224.65.208,undefined.hostname.localhost,14593
1683487698,5,206.224.65.192,undefined.hostname.localhost,14593
1683487698,6,213.144.184.30,???,6762
1683487698,7,129.250.66.17,ae-9.r00.frnkge13.de.bb.gin.ntt.net,2914
1683487698,8,129.250.6.41,ae-2.r21.frnkge13.de.bb.gin.ntt.net,2914
1683487698,9,*,*,*
1683487698,10,129.250.3.47,ae-0.r20.parsfr04.fr.bb.gin.ntt.net,2914
1683487698,11,129.250.4.194,ae-14.r21.nwrknj03.us.bb.gin.ntt.net,2914
1683487698,12,129.250.2.166,ae-3.r22.chcgil09.us.bb.gin.ntt.net,2914
1683487698,13,129.250.4.152,ae-7.r21.dllstx14.us.bb.gin.ntt.net,2914
1683487698,14,*,*,*
1683487698,15,*,*,*
1683487698,16,129.250.4.151,ae-3.r25.lsanca07.us.bb.gin.ntt.net,2914
1683487698,17,129.250.3.218,ae-1.r24.lsanca07.us.bb.gin.ntt.net,2914
1683487698,18,*,*,*
1683487698,19,129.250.3.44,ae-0.r26.osakjp02.jp.bb.gin.ntt.net,2914
1683487698,20,129.250.2.40,ae-1.r02.osakjp02.jp.bb.gin.ntt.net,2914
1683487698,21,140.91.218.11,???,31898
1683487698,22,*,*,*
1683487698,23,*,*,*
1683487698,24,*,*,*
1683487698,25,*,*,*
1683487698,26,*,*,*
1683487698,27,*,*,*
1683487698,28,*,*,*
1683487698,29,*,*,*
1683490672,1,192.168.1.1,???,
1683490672,2,100.64.0.1,???,
1683490672,3,172.16.251.90,???,
1683490672,4,206.224.65.208,undefined.hostname.localhost,14593
1683490672,5,206.224.65.192,undefined.hostname.localhost,14593
1683490672,6,213.144.184.30,???,6762
1683490672,7,129.250.66.17,ae-9.r00.frnkge13.de.bb.gin.ntt.net,2914
1683490672,8,129.250.6.41,ae-2.r21.frnkge13.de.bb.gin.ntt.net,2914
1683490672,9,129.250.5.27,ae-12.r21.parsfr04.fr.bb.gin.ntt.net,2914
1683490672,10,129.250.3.47,ae-0.r20.parsfr04.fr.bb.gin.ntt.net,2914
1683490672,11,129.250.4.194,ae-14.r21.nwrknj03.us.bb.gin.ntt.net,2914
1683490672,12,129.250.6.16,ae-0.r20.nwrknj03.us.bb.gin.ntt.net,2914
1683490672,13,*,*,*
1683490672,14,129.250.3.83,ae-0.r25.sttlwa01.us.bb.gin.ntt.net,2914
1683490672,15,129.250.3.61,ae-6.r26.osakjp02.jp.bb.gin.ntt.net,2914
1683490672,16,129.250.2.40,ae-1.r02.osakjp02.jp.bb.gin.ntt.net,2914
1683490672,17,*,*,*
1683490672,18,*,*,*
1683490672,19,*,*,*
1683490672,20,*,*,*
1683490672,21,*,*,*
1683490672,22,*,*,*
1683490672,23,*,*,*
1683490672,24,*,*,*
1683490672,25,*,*,*
1683490672,26,*,*,*
1683490672,27,*,*,*
1683490672,28,*,*,*
1683490672,29,*,*,*
1683493302,1,192.168.1.1,???,
1683493302,2,100.64.0.1,???,
1683493302,3,172.16.251.90,???,
1683493302,4,206.224.65.208,undefined.hostname.localhost,14593
1683493302,5,206.224.65.192,undefined.hostname.localhost,14593
1683493302,6,213.144.184.30,???,6762
1683493302,7,129.250.66.17,ae-9.r00.frnkge13.de.bb.gin.ntt.net,2914
1683493302,8,129.250.6.41,ae-2.r21.frnkge13.de.bb.gin.ntt.net,2914
1683493302,9,129.250.5.27,ae-12.r21.parsfr04.fr.bb.gin.ntt.net,2914
1683493302,10,129.250.3.47,ae-0.r20.parsfr04.fr.bb.gin.ntt.net,2914
1683493302,11,129.250.4.194,ae-14.r21.nwrknj03.us.bb.gin.ntt.net,2914
1683493302,12,129.250.6.16,ae-0.r20.nwrknj03.us.bb.gin.ntt.net,2914
1683493302,13,*,*,*
1683493302,14,129.250.3.83,ae-0.r25.sttlwa01.us.bb.gin.ntt.net,2914
1683493302,15,129.250.3.61,ae-6.r26.osakjp02.jp.bb.gin.ntt.net,2914
1683493302,16,129.250.2.40,ae-1.r02.osakjp02.jp.bb.gin.ntt.net,2914
1683493302,17,140.91.218.11,???,31898
1683493302,18,*,*,*
1683493302,19,*,*,*
1683493302,20,*,*,*
1683493302,21,*,*,*
1683493302,22,*,*,*
1683493302,23,*,*,*
1683493302,24,*,*,*
1683493302,25,*,*,*
1683493302,26,*,*,*
1683493302,27,*,*,*
1683493302,28,*,*,*
1683493302,29,*,*,*
1683495635,1,192.168.1.1,???,
1683495635,2,100.64.0.1,???,
1683495635,3,172.16.251.90,???,
1683495635,4,206.224.65.208,undefined.hostname.localhost,14593
1683495635,5,206.224.65.192,undefined.hostname.localhost,14593
1683495635,6,213.144.184.30,???,6762
1683495635,7,129.250.66.17,ae-9.r00.frnkge13.de.bb.gin.ntt.net,2914
1683495635,8,129.250.6.41,ae-2.r21.frnkge13.de.bb.gin.ntt.net,2914
1683495635,9,129.250.5.27,ae-12.r21.parsfr04.fr.bb.gin.ntt.net,2914
1683495635,10,129.250.3.47,ae-0.r20.parsfr04.fr.bb.gin.ntt.net,2914
1683495635,11,129.250.4.194,ae-14.r21.nwrknj03.us.bb.gin.ntt.net,2914
1683495635,12,129.250.6.16,ae-0.r20.nwrknj03.us.bb.gin.ntt.net,2914
1683495635,13,*,*,*
1683495635,14,129.250.3.83,ae-0.r25.sttlwa01.us.bb.gin.ntt.net,2914
1683495635,15,129.250.3.61,ae-6.r26.osakjp02.jp.bb.gin.ntt.net,2914
1683495635,16,129.250.2.40,ae-1.r02.osakjp02.jp.bb.gin.ntt.net,2914
1683495635,17,140.91.218.11,???,31898
1683495635,18,*,*,*
1683495635,19,*,*,*
1683495635,20,*,*,*
1683495635,21,*,*,*
1683495635,22,*,*,*
1683495635,23,*,*,*
1683495635,24,*,*,*
1683495635,25,*,*,*
1683495635,26,*,*,*
1683495635,27,*,*,*
1683495635,28,*,*,*
1683495635,29,*,*,*
1683497933,1,192.168.1.1,???,
1683497933,2,100.64.0.1,???,
1683497933,3,172.16.251.90,???,
1683497933,4,206.224.65.208,undefined.hostname.localhost,14593
1683497933,5,206.224.65.192,undefined.hostname.localhost,14593
1683497933,6,213.144.184.30,???,6762
1683497933,7,129.250.66.17,ae-9.r00.frnkge13.de.bb.gin.ntt.net,2914
1683497933,8,129.250.6.41,ae-2.r21.frnkge13.de.bb.gin.ntt.net,2914
1683497933,9,129.250.5.27,ae-12.r21.parsfr04.fr.bb.gin.ntt.net,2914
1683497933,10,129.250.3.47,ae-0.r20.parsfr04.fr.bb.gin.ntt.net,2914
1683497933,11,129.250.4.194,ae-14.r21.nwrknj03.us.bb.gin.ntt.net,2914
1683497933,12,129.250.6.16,ae-0.r20.nwrknj03.us.bb.gin.ntt.net,2914
1683497933,13,129.250.6.177,ae-4.r24.sttlwa01.us.bb.gin.ntt.net,2914
1683497933,14,129.250.3.83,ae-0.r25.sttlwa01.us.bb.gin.ntt.net,2914
1683497933,15,129.250.3.61,ae-6.r26.osakjp02.jp.bb.gin.ntt.net,2914
1683497933,16,129.250.2.40,ae-1.r02.osakjp02.jp.bb.gin.ntt.net,2914
1683497933,17,140.91.218.11,???,31898
1683497933,18,*,*,*
1683497933,19,*,*,*
1683497933,20,*,*,*
1683497933,21,*,*,*
1683497933,22,*,*,*
1683497933,23,*,*,*
1683497933,24,*,*,*
1683497933,25,*,*,*
1683497933,26,*,*,*
1683497933,27,*,*,*
1683497933,28,*,*,*
1683497933,29,*,*,*
1683500171,1,192.168.1.1,???,
1683500171,2,100.64.0.1,???,
1683500171,3,172.16.251.90,???,
1683500171,4,206.224.65.208,undefined.hostname.localhost,14593
1683500171,5,206.224.65.192,undefined.hostname.localhost,14593
1683500171,6,213.144.184.30,???,6762
1683500171,7,129.250.66.17,ae-9.r00.frnkge13.de.bb.gin.ntt.net,2914
1683500171,8,129.250.6.41,ae-2.r21.frnkge13.de.bb.gin.ntt.net,2914
1683500171,9,129.250.5.27,ae-12.r21.parsfr04.fr.bb.gin.ntt.net,2914
1683500171,10,129.250.3.47,ae-0.r20.parsfr04.fr.bb.gin.ntt.net,2914
1683500171,11,129.250.4.194,ae-14.r21.nwrknj03.us.bb.gin.ntt.net,2914
1683500171,12,*,*,*
1683500171,13,129.250.6.177,ae-4.r24.sttlwa01.us.bb.gin.ntt.net,2914
1683500171,14,129.250.3.83,ae-0.r25.sttlwa01.us.bb.gin.ntt.net,2914
1683500171,15,129.250.3.61,ae-6.r26.osakjp02.jp.bb.gin.ntt.net,2914
1683500171,16,129.250.2.40,ae-1.r02.osakjp02.jp.bb.gin.ntt.net,2914
1683500171,17,140.91.218.11,???,31898
1683500171,18,*,*,*
1683500171,19,*,*,*
1683500171,20,*,*,*
1683500171,21,*,*,*
1683500171,22,*,*,*
1683500171,23,*,*,*
1683500171,24,*,*,*
1683500171,25,*,*,*
1683500171,26,*,*,*
1683500171,27,*,*,*
1683500171,28,*,*,*
1683500171,29,*,*,*
1683502413,1,192.168.1.1,???,
1683502413,2,100.64.0.1,???,
1683502413,3,172.16.251.90,???,
1683502413,4,206.224.65.208,undefined.hostname.localhost,14593
1683502413,5,206.224.65.192,undefined.hostname.localhost,14593
1683502413,6,213.144.184.30,???,6762
1683502413,7,129.250.66.17,ae-9.r00.frnkge13.de.bb.gin.ntt.net,2914
1683502413,8,129.250.6.41,ae-2.r21.frnkge13.de.bb.gin.ntt.net,2914
1683502413,9,129.250.5.27,ae-12.r21.parsfr04.fr.bb.gin.ntt.net,2914
1683502413,10,129.250.3.47,ae-0.r20.parsfr04.fr.bb.gin.ntt.net,2914
1683502413,11,129.250.4.194,ae-14.r21.nwrknj03.us.bb.gin.ntt.net,2914
1683502413,12,*,*,*
1683502413,13,129.250.6.177,ae-4.r24.sttlwa01.us.bb.gin.ntt.net,2914
1683502413,14,129.250.3.83,ae-0.r25.sttlwa01.us.bb.gin.ntt.net,2914
1683502413,15,129.250.3.61,ae-6.r26.osakjp02.jp.bb.gin.ntt.net,2914
1683502413,16,129.250.2.40,ae-1.r02.osakjp02.jp.bb.gin.ntt.net,2914
1683502413,17,140.91.218.11,???,31898
1683502413,18,*,*,*
1683502413,19,*,*,*
1683502413,20,*,*,*
1683502413,21,*,*,*
1683502413,22,*,*,*
1683502413,23,*,*,*
1683502413,24,*,*,*
1683502413,25,*,*,*
1683502413,26,*,*,*
1683502413,27,*,*,*
1683502413,28,*,*,*
1683502413,29,*,*,*
1683504639,1,192.168.1.1,???,
1683504639,2,100.64.0.1,???,
1683504639,3,172.16.251.90,???,
1683504639,4,206.224.65.208,undefined.hostname.localhost,14593
1683504639,5,206.224.65.192,undefined.hostname.localhost,14593
1683504639,6,213.144.184.30,???,6762
1683504639,7,129.250.66.17,ae-9.r00.frnkge13.de.bb.gin.ntt.net,2914
1683504639,8,129.250.6.41,ae-2.r21.frnkge13.de.bb.gin.ntt.net,2914
1683504639,9,129.250.5.27,ae-12.r21.parsfr04.fr.bb.gin.ntt.net,2914
1683504639,10,129.250.3.47,ae-0.r20.parsfr04.fr.bb.gin.ntt.net,2914
1683504639,11,129.250.4.194,ae-14.r21.nwrknj03.us.bb.gin.ntt.net,2914
1683504639,12,129.250.6.16,ae-0.r20.nwrknj03.us.bb.gin.ntt.net,2914
1683504639,13,*,*,*
1683504639,14,129.250.3.83,ae-0.r25.sttlwa01.us.bb.gin.ntt.net,2914
1683504639,15,129.250.3.61,ae-6.r26.osakjp02.jp.bb.gin.ntt.net,2914
1683504639,16,129.250.2.40,ae-1.r02.osakjp02.jp.bb.gin.ntt.net,2914
1683504639,17,140.91.218.11,???,31898
1683504639,18,*,*,*
1683504639,19,*,*,*
1683504639,20,*,*,*
1683504639,21,*,*,*
1683504639,22,*,*,*
1683504639,23,*,*,*
1683504639,24,*,*,*
1683504639,25,*,*,*
1683504639,26,*,*,*
1683504639,27,*,*,*
1683504639,28,*,*,*
1683504639,29,*,*,*
1683506849,1,192.168.1.1,???,
1683506849,2,100.64.0.1,???,
1683506849,3,172.16.251.90,???,
1683506849,4,206.224.65.208,undefined.hostname.localhost,14593
1683506849,5,206.224.65.192,undefined.hostname.localhost,14593
1683506849,6,213.144.184.30,???,6762
1683506849,7,129.250.66.17,ae-9.r00.frnkge13.de.bb.gin.ntt.net,2914
1683506849,8,129.250.6.41,ae-2.r21.frnkge13.de.bb.gin.ntt.net,2914
1683506849,9,129.250.5.27,ae-12.r21.parsfr04.fr.bb.gin.ntt.net,2914
1683506849,10,129.250.3.47,ae-0.r20.parsfr04.fr.bb.gin.ntt.net,2914
1683506849,11,129.250.4.194,ae-14.r21.nwrknj03.us.bb.gin.ntt.net,2914
1683506849,12,129.250.6.16,ae-0.r20.nwrknj03.us.bb.gin.ntt.net,2914
1683506849,13,*,*,*
1683506849,14,129.250.3.83,ae-0.r25.sttlwa01.us.bb.gin.ntt.net,2914
1683506849,15,129.250.3.61,ae-6.r26.osakjp02.jp.bb.gin.ntt.net,2914
1683506849,16,129.250.2.40,ae-1.r02.osakjp02.jp.bb.gin.ntt.net,2914
1683506849,17,140.91.218.11,???,31898
1683506849,18,*,*,*
1683506849,19,*,*,*
1683506849,20,*,*,*
1683506849,21,*,*,*
1683506849,22,*,*,*
1683506849,23,*,*,*
1683506849,24,*,*,*
1683506849,25,*,*,*
1683506849,26,*,*,*
1683506849,27,*,*,*
1683506849,28,*,*,*
1683506849,29,*,*,*
1683509078,1,192.168.1.1,???,
1683509078,2,100.64.0.1,???,
1683509078,3,172.16.251.90,???,
1683509078,4,206.224.65.208,undefined.hostname.localhost,14593
1683509078,5,206.224.65.192,undefined.hostname.localhost,14593
1683509078,6,213.144.184.30,???,6762
1683509078,7,129.250.66.17,ae-9.r00.frnkge13.de.bb.gin.ntt.net,2914
1683509078,8,129.250.6.41,ae-2.r21.frnkge13.de.bb.gin.ntt.net,2914
1683509078,9,129.250.5.27,ae-12.r21.parsfr04.fr.bb.gin.ntt.net,2914
1683509078,10,129.250.3.47,ae-0.r20.parsfr04.fr.bb.gin.ntt.net,2914
1683509078,11,129.250.4.194,ae-14.r21.nwrknj03.us.bb.gin.ntt.net,2914
1683509078,12,129.250.6.16,ae-0.r20.nwrknj03.us.bb.gin.ntt.net,2914
1683509078,13,*,*,*
1683509078,14,129.250.3.83,ae-0.r25.sttlwa01.us.bb.gin.ntt.net,2914
1683509078,15,129.250.3.61,ae-6.r26.osakjp02.jp.bb.gin.ntt.net,2914
1683509078,16,129.250.2.40,ae-1.r02.osakjp02.jp.bb.gin.ntt.net,2914
1683509078,17,140.91.218.11,???,31898
1683509078,18,*,*,*
1683509078,19,*,*,*
1683509078,20,*,*,*
1683509078,21,*,*,*
1683509078,22,*,*,*
1683509078,23,*,*,*
1683509078,24,*,*,*
1683509078,25,*,*,*
1683509078,26,*,*,*
1683509078,27,*,*,*
1683509078,28,*,*,*
1683509078,29,*,*,*
1683511299,1,192.168.1.1,???,
1683511299,2,100.64.0.1,???,
1683511299,3,172.16.251.90,???,
1683511299,4,206.224.65.208,undefined.hostname.localhost,14593
1683511299,5,206.224.65.192,undefined.hostname.localhost,14593
1683511299,6,213.144.184.30,???,6762
1683511299,7,129.250.66.17,ae-9.r00.frnkge13.de.bb.gin.ntt.net,2914
1683511299,8,129.250.6.41,ae-2.r21.frnkge13.de.bb.gin.ntt.net,2914
1683511299,9,129.250.5.27,ae-12.r21.parsfr04.fr.bb.gin.ntt.net,2914
1683511299,10,129.250.3.47,ae-0.r20.parsfr04.fr.bb.gin.ntt.net,2914
1683511299,11,129.250.4.194,ae-14.r21.nwrknj03.us.bb.gin.ntt.net,2914
1683511299,12,129.250.6.16,ae-0.r20.nwrknj03.us.bb.gin.ntt.net,2914
1683511299,13,*,*,*
1683511299,14,129.250.3.83,ae-0.r25.sttlwa01.us.bb.gin.ntt.net,2914
1683511299,15,129.250.3.61,ae-6.r26.osakjp02.jp.bb.gin.ntt.net,2914
1683511299,16,129.250.2.40,ae-1.r02.osakjp02.jp.bb.gin.ntt.net,2914
1683511299,17,140.91.218.11,???,31898
1683511299,18,*,*,*
1683511299,19,*,*,*
1683511299,20,*,*,*
1683511299,21,*,*,*
1683511299,22,*,*,*
1683511299,23,*,*,*
1683511299,24,*,*,*
1683511299,25,*,*,*
1683511299,26,*,*,*
1683511299,27,*,*,*
1683511299,28,*,*,*
1683511299,29,*,*,*
1683513547,1,192.168.1.1,???,
1683513547,2,100.64.0.1,???,
1683513547,3,172.16.251.90,???,
1683513547,4,206.224.65.208,undefined.hostname.localhost,14593
1683513547,5,206.224.65.192,undefined.hostname.localhost,14593
1683513547,6,213.144.184.30,???,6762
1683513547,7,129.250.66.17,ae-9.r00.frnkge13.de.bb.gin.ntt.net,2914
1683513547,8,129.250.6.41,ae-2.r21.frnkge13.de.bb.gin.ntt.net,2914
1683513547,9,129.250.5.27,ae-12.r21.parsfr04.fr.bb.gin.ntt.net,2914
1683513547,10,129.250.3.47,ae-0.r20.parsfr04.fr.bb.gin.ntt.net,2914
1683513547,11,129.250.4.194,ae-14.r21.nwrknj03.us.bb.gin.ntt.net,2914
1683513547,12,129.250.6.16,ae-0.r20.nwrknj03.us.bb.gin.ntt.net,2914
1683513547,13,129.250.6.177,ae-4.r24.sttlwa01.us.bb.gin.ntt.net,2914
1683513547,14,129.250.3.83,ae-0.r25.sttlwa01.us.bb.gin.ntt.net,2914
1683513547,15,129.250.3.61,ae-6.r26.osakjp02.jp.bb.gin.ntt.net,2914
1683513547,16,129.250.2.40,ae-1.r02.osakjp02.jp.bb.gin.ntt.net,2914
1683513547,17,140.91.218.11,???,31898
1683513547,18,*,*,*
1683513547,19,*,*,*
1683513547,20,*,*,*
1683513547,21,*,*,*
1683513547,22,*,*,*
1683513547,23,*,*,*
1683513547,24,*,*,*
1683513547,25,*,*,*
1683513547,26,*,*,*
1683513547,27,*,*,*
1683513547,28,*,*,*
1683513547,29,*,*,*
1683515742,1,192.168.1.1,???,
1683515742,2,100.64.0.1,???,
1683515742,3,172.16.251.90,???,
1683515742,4,206.224.65.208,undefined.hostname.localhost,14593
1683515742,5,206.224.65.192,undefined.hostname.localhost,14593
1683515742,6,213.144.184.30,???,6762
1683515742,7,129.250.66.17,ae-9.r00.frnkge13.de.bb.gin.ntt.net,2914
1683515742,8,129.250.6.41,ae-2.r21.frnkge13.de.bb.gin.ntt.net,2914
1683515742,9,129.250.5.27,ae-12.r21.parsfr04.fr.bb.gin.ntt.net,2914
1683515742,10,129.250.3.47,ae-0.r20.parsfr04.fr.bb.gin.ntt.net,2914
1683515742,11,129.250.4.194,ae-14.r21.nwrknj03.us.bb.gin.ntt.net,2914
1683515742,12,129.250.6.16,ae-0.r20.nwrknj03.us.bb.gin.ntt.net,2914
1683515742,13,*,*,*
1683515742,14,129.250.3.83,ae-0.r25.sttlwa01.us.bb.gin.ntt.net,2914
1683515742,15,129.250.3.61,ae-6.r26.osakjp02.jp.bb.gin.ntt.net,2914
1683515742,16,129.250.2.40,ae-1.r02.osakjp02.jp.bb.gin.ntt.net,2914
1683515742,17,140.91.218.11,???,31898
1683515742,18,*,*,*
1683515742,19,*,*,*
1683515742,20,*,*,*
1683515742,21,*,*,*
1683515742,22,*,*,*
1683515742,23,*,*,*
1683515742,24,*,*,*
1683515742,25,*,*,*
1683515742,26,*,*,*
1683515742,27,*,*,*
1683515742,28,*,*,*
1683515742,29,*,*,*
1683517994,1,192.168.1.1,???,
1683517994,2,100.64.0.1,???,
1683517994,3,172.16.251.90,???,
1683517994,4,206.224.65.208,undefined.hostname.localhost,14593
1683517994,5,206.224.65.192,undefined.hostname.localhost,14593
1683517994,6,213.144.184.30,???,6762
1683517994,7,129.250.66.17,ae-9.r00.frnkge13.de.bb.gin.ntt.net,2914
1683517994,8,129.250.6.41,ae-2.r21.frnkge13.de.bb.gin.ntt.net,2914
1683517994,9,129.250.5.27,ae-12.r21.parsfr04.fr.bb.gin.ntt.net,2914
1683517994,10,129.250.3.47,ae-0.r20.parsfr04.fr.bb.gin.ntt.net,2914
1683517994,11,129.250.4.194,ae-14.r21.nwrknj03.us.bb.gin.ntt.net,2914
1683517994,12,129.250.6.16,ae-0.r20.nwrknj03.us.bb.gin.ntt.net,2914
1683517994,13,129.250.6.177,ae-4.r24.sttlwa01.us.bb.gin.ntt.net,2914
1683517994,14,129.250.3.83,ae-0.r25.sttlwa01.us.bb.gin.ntt.net,2914
1683517994,15,129.250.3.61,ae-6.r26.osakjp02.jp.bb.gin.ntt.net,2914
1683517994,16,129.250.2.40,ae-1.r02.osakjp02.jp.bb.gin.ntt.net,2914
1683517994,17,140.91.218.11,???,31898
1683517994,18,*,*,*
1683517994,19,*,*,*
1683517994,20,*,*,*
1683517994,21,*,*,*
1683517994,22,*,*,*
1683517994,23,*,*,*
1683517994,24,*,*,*
1683517994,25,*,*,*
1683517994,26,*,*,*
1683517994,27,*,*,*
1683517994,28,*,*,*
1683517994,29,*,*,*
1683520369,1,192.168.1.1,???,
1683520369,2,100.64.0.1,???,
1683520369,3,172.16.251.90,???,
1683520369,4,206.224.65.208,undefined.hostname.localhost,14593
1683520369,5,206.224.65.192,undefined.hostname.localhost,14593
1683520369,6,213.144.184.30,???,6762
1683520369,7,129.250.66.17,ae-9.r00.frnkge13.de.bb.gin.ntt.net,2914
1683520369,8,129.250.6.41,ae-2.r21.frnkge13.de.bb.gin.ntt.net,2914
1683520369,9,129.250.5.27,ae-12.r21.parsfr04.fr.bb.gin.ntt.net,2914
1683520369,10,129.250.3.47,ae-0.r20.parsfr04.fr.bb.gin.ntt.net,2914
1683520369,11,129.250.4.194,ae-14.r21.nwrknj03.us.bb.gin.ntt.net,2914
1683520369,12,*,*,*
1683520369,13,129.250.6.177,ae-4.r24.sttlwa01.us.bb.gin.ntt.net,2914
1683520369,14,129.250.3.83,ae-0.r25.sttlwa01.us.bb.gin.ntt.net,2914
1683520369,15,129.250.3.61,ae-6.r26.osakjp02.jp.bb.gin.ntt.net,2914
1683520369,16,129.250.2.40,ae-1.r02.osakjp02.jp.bb.gin.ntt.net,2914
1683520369,17,140.91.218.11,???,31898
1683520369,18,*,*,*
1683520369,19,*,*,*
1683520369,20,*,*,*
1683520369,21,*,*,*
1683520369,22,*,*,*
1683520369,23,*,*,*
1683520369,24,*,*,*
1683520369,25,*,*,*
1683520369,26,*,*,*
1683520369,27,*,*,*
1683520369,28,*,*,*
1683520369,29,*,*,*
1683522965,1,192.168.1.1,???,
1683522965,2,100.64.0.1,???,
1683522965,3,172.16.251.90,???,
1683522965,4,206.224.65.208,undefined.hostname.localhost,14593
1683522965,5,206.224.65.192,undefined.hostname.localhost,14593
1683522965,6,213.144.184.30,???,6762
1683522965,7,129.250.66.17,ae-9.r00.frnkge13.de.bb.gin.ntt.net,2914
1683522965,8,129.250.6.41,ae-2.r21.frnkge13.de.bb.gin.ntt.net,2914
1683522965,9,129.250.6.1,ae-0.r20.frnkge13.de.bb.gin.ntt.net,2914
1683522965,10,129.250.3.12,ae-14.r21.londen12.uk.bb.gin.ntt.net,2914
1683522965,11,129.250.2.111,ae-13.r25.asbnva02.us.bb.gin.ntt.net,2914
1683522965,12,*,*,*
1683522965,13,129.250.6.237,ae-2.r24.snjsca04.us.bb.gin.ntt.net,2914
1683522965,14,129.250.2.119,ae-5.r26.osakjp02.jp.bb.gin.ntt.net,2914
1683522965,15,129.250.2.40,ae-1.r02.osakjp02.jp.bb.gin.ntt.net,2914
1683522965,16,140.91.218.11,???,31898
1683522965,17,*,*,*
1683522965,18,*,*,*
1683522965,19,*,*,*
1683522965,20,*,*,*
1683522965,21,*,*,*
1683522965,22,*,*,*
1683522965,23,*,*,*
1683522965,24,*,*,*
1683522965,25,*,*,*
1683522965,26,*,*,*
1683522965,27,*,*,*
1683522965,28,*,*,*
1683522965,29,*,*,*
1683525913,1,192.168.1.1,???,
1683525913,2,100.64.0.1,???,
1683525913,3,172.16.251.90,???,
1683525913,4,206.224.65.208,undefined.hostname.localhost,14593
1683525913,5,206.224.65.192,undefined.hostname.localhost,14593
1683525913,6,213.144.184.30,???,6762
1683525913,7,129.250.66.17,ae-9.r00.frnkge13.de.bb.gin.ntt.net,2914
1683525913,8,129.250.6.41,ae-2.r21.frnkge13.de.bb.gin.ntt.net,2914
1683525913,9,129.250.6.1,ae-0.r20.frnkge13.de.bb.gin.ntt.net,2914
1683525913,10,129.250.3.12,ae-14.r21.londen12.uk.bb.gin.ntt.net,2914
1683525913,11,129.250.2.111,ae-13.r25.asbnva02.us.bb.gin.ntt.net,2914
1683525913,12,129.250.2.37,ae-1.r24.asbnva02.us.bb.gin.ntt.net,2914
1683525913,13,*,*,*
1683525913,14,129.250.2.119,ae-5.r26.osakjp02.jp.bb.gin.ntt.net,2914
1683525913,15,129.250.2.40,ae-1.r02.osakjp02.jp.bb.gin.ntt.net,2914
1683525913,16,140.91.218.11,???,31898
1683525913,17,*,*,*
1683525913,18,*,*,*
1683525913,19,*,*,*
1683525913,20,*,*,*
1683525913,21,*,*,*
1683525913,22,*,*,*
1683525913,23,*,*,*
1683525913,24,*,*,*
1683525913,25,*,*,*
1683525913,26,*,*,*
1683525913,27,*,*,*
1683525913,28,*,*,*
1683525913,29,*,*,*
1683528879,1,192.168.1.1,???,
1683528879,2,100.64.0.1,???,
1683528879,3,172.16.251.90,???,
1683528879,4,206.224.65.208,undefined.hostname.localhost,14593
1683528879,5,206.224.65.192,undefined.hostname.localhost,14593
1683528879,6,213.144.184.30,???,6762
1683528879,7,129.250.66.17,ae-9.r00.frnkge13.de.bb.gin.ntt.net,2914
1683528879,8,129.250.6.41,ae-2.r21.frnkge13.de.bb.gin.ntt.net,2914
1683528879,9,129.250.6.1,ae-0.r20.frnkge13.de.bb.gin.ntt.net,2914
1683528879,10,129.250.3.12,ae-14.r21.londen12.uk.bb.gin.ntt.net,2914
1683528879,11,129.250.2.111,ae-13.r25.asbnva02.us.bb.gin.ntt.net,2914
1683528879,12,129.250.2.37,ae-1.r24.asbnva02.us.bb.gin.ntt.net,2914
1683528879,13,*,*,*
1683528879,14,129.250.2.119,ae-5.r26.osakjp02.jp.bb.gin.ntt.net,2914
1683528879,15,129.250.2.40,ae-1.r02.osakjp02.jp.bb.gin.ntt.net,2914
1683528879,16,140.91.218.11,???,31898
1683528879,17,*,*,*
1683528879,18,*,*,*
1683528879,19,*,*,*
1683528879,20,*,*,*
1683528879,21,*,*,*
1683528879,22,*,*,*
1683528879,23,*,*,*
1683528879,24,*,*,*
1683528879,25,*,*,*
1683528879,26,*,*,*
1683528879,27,*,*,*
1683528879,28,*,*,*
1683528879,29,*,*,*
1683531971,1,192.168.1.1,???,
1683531971,2,100.64.0.1,???,
1683531971,3,172.16.251.90,???,
1683531971,4,206.224.65.208,undefined.hostname.localhost,14593
1683531971,5,206.224.65.192,undefined.hostname.localhost,14593
1683531971,6,213.144.184.30,???,6762
1683531971,7,129.250.66.17,ae-9.r00.frnkge13.de.bb.gin.ntt.net,2914
1683531971,8,129.250.6.41,ae-2.r21.frnkge13.de.bb.gin.ntt.net,2914
1683531971,9,129.250.6.1,ae-0.r20.frnkge13.de.bb.gin.ntt.net,2914
1683531971,10,129.250.3.12,ae-14.r21.londen12.uk.bb.gin.ntt.net,2914
1683531971,11,129.250.2.111,ae-13.r25.asbnva02.us.bb.gin.ntt.net,2914
1683531971,12,129.250.2.37,ae-1.r24.asbnva02.us.bb.gin.ntt.net,2914
1683531971,13,129.250.6.237,ae-2.r24.snjsca04.us.bb.gin.ntt.net,2914
1683531971,14,129.250.2.119,ae-5.r26.osakjp02.jp.bb.gin.ntt.net,2914
1683531971,15,129.250.2.40,ae-1.r02.osakjp02.jp.bb.gin.ntt.net,2914
1683531971,16,140.91.218.11,???,31898
1683531971,17,*,*,*
1683531971,18,*,*,*
1683531971,19,*,*,*
1683531971,20,*,*,*
1683531971,21,*,*,*
1683531971,22,*,*,*
1683531971,23,*,*,*
1683531971,24,*,*,*
1683531971,25,*,*,*
1683531971,26,*,*,*
1683531971,27,*,*,*
1683531971,28,*,*,*
1683531971,29,*,*,*
1683535092,1,192.168.1.1,???,
1683535092,2,100.64.0.1,???,
1683535092,3,*,*,*
1683535092,4,206.224.65.208,undefined.hostname.localhost,14593
1683535092,5,206.224.65.192,undefined.hostname.localhost,14593
1683535092,6,213.144.184.30,???,6762
1683535092,7,129.250.66.17,ae-9.r00.frnkge13.de.bb.gin.ntt.net,2914
1683535092,8,129.250.6.41,ae-2.r21.frnkge13.de.bb.gin.ntt.net,2914
1683535092,9,129.250.6.1,ae-0.r20.frnkge13.de.bb.gin.ntt.net,2914
1683535092,10,*,*,*
1683535092,11,129.250.2.111,ae-13.r25.asbnva02.us.bb.gin.ntt.net,2914
1683535092,12,129.250.2.37,ae-1.r24.asbnva02.us.bb.gin.ntt.net,2914
1683535092,13,*,*,*
1683535092,14,129.250.2.119,ae-5.r26.osakjp02.jp.bb.gin.ntt.net,2914
1683535092,15,129.250.2.40,ae-1.r02.osakjp02.jp.bb.gin.ntt.net,2914
1683535092,16,140.91.218.11,???,31898
1683535092,17,*,*,*
1683535092,18,*,*,*
1683535092,19,*,*,*
1683535092,20,*,*,*
1683535092,21,*,*,*
1683535092,22,*,*,*
1683535092,23,*,*,*
1683535092,24,*,*,*
1683535092,25,*,*,*
1683535092,26,*,*,*
1683535092,27,*,*,*
1683535092,28,*,*,*
1683535092,29,*,*,*
1683538227,1,192.168.1.1,???,
1683538227,2,100.64.0.1,???,
1683538227,3,172.16.251.90,???,
1683538227,4,206.224.65.208,undefined.hostname.localhost,14593
1683538227,5,206.224.65.192,undefined.hostname.localhost,14593
1683538227,6,213.144.184.30,???,6762
1683538227,7,129.250.66.17,ae-9.r00.frnkge13.de.bb.gin.ntt.net,2914
1683538227,8,129.250.6.41,ae-2.r21.frnkge13.de.bb.gin.ntt.net,2914
1683538227,9,129.250.6.1,ae-0.r20.frnkge13.de.bb.gin.ntt.net,2914
1683538227,10,129.250.3.12,ae-14.r21.londen12.uk.bb.gin.ntt.net,2914
1683538227,11,129.250.2.111,ae-13.r25.asbnva02.us.bb.gin.ntt.net,2914
1683538227,12,*,*,*
1683538227,13,*,*,*
1683538227,14,129.250.2.119,ae-5.r26.osakjp02.jp.bb.gin.ntt.net,2914
1683538227,15,129.250.2.40,ae-1.r02.osakjp02.jp.bb.gin.ntt.net,2914
1683538227,16,140.91.218.11,???,31898
1683538227,17,*,*,*
1683538227,18,*,*,*
1683538227,19,*,*,*
1683538227,20,*,*,*
1683538227,21,*,*,*
1683538227,22,*,*,*
1683538227,23,*,*,*
1683538227,24,*,*,*
1683538227,25,*,*,*
1683538227,26,*,*,*
1683538227,27,*,*,*
1683538227,28,*,*,*
1683538227,29,*,*,*
1683541433,1,192.168.1.1,???,
1683541433,2,100.64.0.1,???,
1683541433,3,172.16.251.90,???,
1683541433,4,206.224.65.208,undefined.hostname.localhost,14593
1683541433,5,206.224.65.192,undefined.hostname.localhost,14593
1683541433,6,213.144.184.30,???,6762
1683541433,7,129.250.66.17,ae-9.r00.frnkge13.de.bb.gin.ntt.net,2914
1683541433,8,*,*,*
1683541433,9,129.250.6.1,ae-0.r20.frnkge13.de.bb.gin.ntt.net,2914
1683541433,10,129.250.3.12,ae-14.r21.londen12.uk.bb.gin.ntt.net,2914
1683541433,11,129.250.2.111,ae-13.r25.asbnva02.us.bb.gin.ntt.net,2914
1683541433,12,129.250.2.37,ae-1.r24.asbnva02.us.bb.gin.ntt.net,2914
1683541433,13,129.250.6.237,ae-2.r24.snjsca04.us.bb.gin.ntt.net,2914
1683541433,14,129.250.2.119,ae-5.r26.osakjp02.jp.bb.gin.ntt.net,2914
1683541433,15,129.250.2.40,ae-1.r02.osakjp02.jp.bb.gin.ntt.net,2914
1683541433,16,140.91.218.11,???,31898
1683541433,17,*,*,*
1683541433,18,*,*,*
1683541433,19,*,*,*
1683541433,20,*,*,*
1683541433,21,*,*,*
1683541433,22,*,*,*
1683541433,23,*,*,*
1683541433,24,*,*,*
1683541433,25,*,*,*
1683541433,26,*,*,*
1683541433,27,*,*,*
1683541433,28,*,*,*
1683541433,29,*,*,*
1683544498,1,192.168.1.1,???,
1683544498,2,100.64.0.1,???,
1683544498,3,172.16.251.90,???,
1683544498,4,206.224.65.208,undefined.hostname.localhost,14593
1683544498,5,206.224.65.192,undefined.hostname.localhost,14593
1683544498,6,213.144.184.30,???,6762
1683544498,7,129.250.66.17,ae-9.r00.frnkge13.de.bb.gin.ntt.net,2914
1683544498,8,129.250.6.41,ae-2.r21.frnkge13.de.bb.gin.ntt.net,2914
1683544498,9,129.250.6.1,ae-0.r20.frnkge13.de.bb.gin.ntt.net,2914
1683544498,10,129.250.3.12,ae-14.r21.londen12.uk.bb.gin.ntt.net,2914
1683544498,11,129.250.2.111,ae-13.r25.asbnva02.us.bb.gin.ntt.net,2914
1683544498,12,129.250.2.37,ae-1.r24.asbnva02.us.bb.gin.ntt.net,2914
1683544498,13,129.250.6.237,ae-2.r24.snjsca04.us.bb.gin.ntt.net,2914
1683544498,14,129.250.2.119,ae-5.r26.osakjp02.jp.bb.gin.ntt.net,2914
1683544498,15,129.250.2.40,ae-1.r02.osakjp02.jp.bb.gin.ntt.net,2914
1683544498,16,140.91.218.11,???,31898
1683544498,17,*,*,*
1683544498,18,*,*,*
1683544498,19,*,*,*
1683544498,20,*,*,*
1683544498,21,*,*,*
1683544498,22,*,*,*
1683544498,23,*,*,*
1683544498,24,*,*,*
1683544498,25,*,*,*
1683544498,26,*,*,*
1683544498,27,*,*,*
1683544498,28,*,*,*
1683544498,29,*,*,*
1683547818,1,192.168.1.1,???,
1683547818,2,100.64.0.1,???,
1683547818,3,172.16.251.90,???,
1683547818,4,206.224.65.208,undefined.hostname.localhost,14593
1683547818,5,206.224.65.192,undefined.hostname.localhost,14593
1683547818,6,213.144.184.30,???,6762
1683547818,7,129.250.66.17,ae-9.r00.frnkge13.de.bb.gin.ntt.net,2914
1683547818,8,129.250.6.41,ae-2.r21.frnkge13.de.bb.gin.ntt.net,2914
1683547818,9,129.250.6.1,ae-0.r20.frnkge13.de.bb.gin.ntt.net,2914
1683547818,10,129.250.3.12,ae-14.r21.londen12.uk.bb.gin.ntt.net,2914
1683547818,11,129.250.2.111,ae-13.r25.asbnva02.us.bb.gin.ntt.net,2914
1683547818,12,129.250.2.37,ae-1.r24.asbnva02.us.bb.gin.ntt.net,2914
1683547818,13,129.250.6.237,ae-2.r24.snjsca04.us.bb.gin.ntt.net,2914
1683547818,14,*,*,*
1683547818,15,129.250.2.40,ae-1.r02.osakjp02.jp.bb.gin.ntt.net,2914
1683547818,16,140.91.218.11,???,31898
1683547818,17,*,*,*
1683547818,18,*,*,*
1683547818,19,*,*,*
1683547818,20,*,*,*
1683547818,21,*,*,*
1683547818,22,*,*,*
1683547818,23,*,*,*
1683547818,24,*,*,*
1683547818,25,*,*,*
1683547818,26,*,*,*
1683547818,27,*,*,*
1683547818,28,*,*,*
1683547818,29,*,*,*
1683550941,1,192.168.1.1,???,
1683550941,2,100.64.0.1,???,
1683550941,3,172.16.251.90,???,
1683550941,4,206.224.65.208,undefined.hostname.localhost,14593
1683550941,5,206.224.65.192,undefined.hostname.localhost,14593
1683550941,6,213.144.184.30,???,6762
1683550941,7,129.250.66.17,ae-9.r00.frnkge13.de.bb.gin.ntt.net,2914
1683550941,8,129.250.6.41,ae-2.r21.frnkge13.de.bb.gin.ntt.net,2914
1683550941,9,129.250.6.1,ae-0.r20.frnkge13.de.bb.gin.ntt.net,2914
1683550941,10,*,*,*
1683550941,11,129.250.2.111,ae-13.r25.asbnva02.us.bb.gin.ntt.net,2914
1683550941,12,129.250.2.37,ae-1.r24.asbnva02.us.bb.gin.ntt.net,2914
1683550941,13,*,*,*
1683550941,14,129.250.2.119,ae-5.r26.osakjp02.jp.bb.gin.ntt.net,2914
1683550941,15,129.250.2.40,ae-1.r02.osakjp02.jp.bb.gin.ntt.net,2914
1683550941,16,140.91.218.11,???,31898
1683550941,17,*,*,*
1683550941,18,*,*,*
1683550941,19,*,*,*
1683550941,20,*,*,*
1683550941,21,*,*,*
1683550941,22,*,*,*
1683550941,23,*,*,*
1683550941,24,*,*,*
1683550941,25,*,*,*
1683550941,26,*,*,*
1683550941,27,*,*,*
1683550941,28,*,*,*
1683550941,29,*,*,*
1683554030,1,192.168.1.1,???,
1683554030,2,100.64.0.1,???,
1683554030,3,172.16.251.90,???,
1683554030,4,206.224.65.208,undefined.hostname.localhost,14593
1683554030,5,206.224.65.192,undefined.hostname.localhost,14593
1683554030,6,213.144.184.30,???,6762
1683554030,7,129.250.66.17,ae-9.r00.frnkge13.de.bb.gin.ntt.net,2914
1683554030,8,129.250.6.41,ae-2.r21.frnkge13.de.bb.gin.ntt.net,2914
1683554030,9,129.250.6.1,ae-0.r20.frnkge13.de.bb.gin.ntt.net,2914
1683554030,10,129.250.3.12,ae-14.r21.londen12.uk.bb.gin.ntt.net,2914
1683554030,11,129.250.2.111,ae-13.r25.asbnva02.us.bb.gin.ntt.net,2914
1683554030,12,*,*,*
1683554030,13,129.250.6.237,ae-2.r24.snjsca04.us.bb.gin.ntt.net,2914
1683554030,14,129.250.2.119,ae-5.r26.osakjp02.jp.bb.gin.ntt.net,2914
1683554030,15,129.250.2.40,ae-1.r02.osakjp02.jp.bb.gin.ntt.net,2914
1683554030,16,*,*,*
1683554030,17,*,*,*
1683554030,18,*,*,*
1683554030,19,*,*,*
1683554030,20,*,*,*
1683554030,21,*,*,*
1683554030,22,*,*,*
1683554030,23,*,*,*
1683554030,24,*,*,*
1683554030,25,*,*,*
1683554030,26,*,*,*
1683554030,27,*,*,*
1683554030,28,*,*,*
1683554030,29,*,*,*
1683557065,1,192.168.1.1,???,
1683557065,2,100.64.0.1,???,
1683557065,3,172.16.251.90,???,
1683557065,4,206.224.65.208,undefined.hostname.localhost,14593
1683557065,5,206.224.65.192,undefined.hostname.localhost,14593
1683557065,6,213.144.184.30,???,6762
1683557065,7,129.250.66.17,ae-9.r00.frnkge13.de.bb.gin.ntt.net,2914
1683557065,8,129.250.6.41,ae-2.r21.frnkge13.de.bb.gin.ntt.net,2914
1683557065,9,129.250.6.1,ae-0.r20.frnkge13.de.bb.gin.ntt.net,2914
1683557065,10,129.250.3.12,ae-14.r21.londen12.uk.bb.gin.ntt.net,2914
1683557065,11,129.250.2.111,ae-13.r25.asbnva02.us.bb.gin.ntt.net,2914
1683557065,12,129.250.2.37,ae-1.r24.asbnva02.us.bb.gin.ntt.net,2914
1683557065,13,129.250.6.237,ae-2.r24.snjsca04.us.bb.gin.ntt.net,2914
1683557065,14,129.250.2.119,ae-5.r26.osakjp02.jp.bb.gin.ntt.net,2914
1683557065,15,129.250.2.40,ae-1.r02.osakjp02.jp.bb.gin.ntt.net,2914
1683557065,16,140.91.218.11,???,31898
1683557065,17,*,*,*
1683557065,18,*,*,*
1683557065,19,*,*,*
1683557065,20,*,*,*
1683557065,21,*,*,*
1683557065,22,*,*,*
1683557065,23,*,*,*
1683557065,24,*,*,*
1683557065,25,*,*,*
1683557065,26,*,*,*
1683557065,27,*,*,*
1683557065,28,*,*,*
1683557065,29,*,*,*
1683560044,1,192.168.1.1,???,
1683560044,2,100.64.0.1,???,
1683560044,3,172.16.251.90,???,
1683560044,4,206.224.65.208,undefined.hostname.localhost,14593
1683560044,5,206.224.65.192,undefined.hostname.localhost,14593
1683560044,6,213.144.184.30,???,6762
1683560044,7,129.250.66.17,ae-9.r00.frnkge13.de.bb.gin.ntt.net,2914
1683560044,8,*,*,*
1683560044,9,129.250.6.1,ae-0.r20.frnkge13.de.bb.gin.ntt.net,2914
1683560044,10,129.250.3.12,ae-14.r21.londen12.uk.bb.gin.ntt.net,2914
1683560044,11,*,*,*
1683560044,12,*,*,*
1683560044,13,129.250.6.237,ae-2.r24.snjsca04.us.bb.gin.ntt.net,2914
1683560044,14,129.250.2.119,ae-5.r26.osakjp02.jp.bb.gin.ntt.net,2914
1683560044,15,129.250.2.40,ae-1.r02.osakjp02.jp.bb.gin.ntt.net,2914
1683560044,16,140.91.218.11,???,31898
1683560044,17,*,*,*
1683560044,18,*,*,*
1683560044,19,*,*,*
1683560044,20,*,*,*
1683560044,21,*,*,*
1683560044,22,*,*,*
1683560044,23,*,*,*
1683560044,24,*,*,*
1683560044,25,*,*,*
1683560044,26,*,*,*
1683560044,27,*,*,*
1683560044,28,*,*,*
1683560044,29,*,*,*
1683563000,1,192.168.1.1,???,
1683563000,2,100.64.0.1,???,
1683563000,3,172.16.251.90,???,
1683563000,4,206.224.65.208,undefined.hostname.localhost,14593
1683563000,5,206.224.65.192,undefined.hostname.localhost,14593
1683563000,6,213.144.184.30,???,6762
1683563000,7,129.250.66.17,ae-9.r00.frnkge13.de.bb.gin.ntt.net,2914
1683563000,8,129.250.6.41,ae-2.r21.frnkge13.de.bb.gin.ntt.net,2914
1683563000,9,129.250.6.1,ae-0.r20.frnkge13.de.bb.gin.ntt.net,2914
1683563000,10,129.250.3.12,ae-14.r21.londen12.uk.bb.gin.ntt.net,2914
1683563000,11,129.250.2.111,ae-13.r25.asbnva02.us.bb.gin.ntt.net,2914
1683563000,12,129.250.2.37,ae-1.r24.asbnva02.us.bb.gin.ntt.net,2914
1683563000,13,*,*,*
1683563000,14,129.250.2.119,ae-5.r26.osakjp02.jp.bb.gin.ntt.net,2914
1683563000,15,129.250.2.40,ae-1.r02.osakjp02.jp.bb.gin.ntt.net,2914
1683563000,16,140.91.218.11,???,31898
1683563000,17,*,*,*
1683563000,18,*,*,*
1683563000,19,*,*,*
1683563000,20,*,*,*
1683563000,21,*,*,*
1683563000,22,*,*,*
1683563000,23,*,*,*
1683563000,24,*,*,*
1683563000,25,*,*,*
1683563000,26,*,*,*
1683563000,27,*,*,*
1683563000,28,*,*,*
1683563000,29,*,*,*
1683565835,1,192.168.1.1,???,
1683565835,2,100.64.0.1,???,
1683565835,3,172.16.251.90,???,
1683565835,4,206.224.65.208,undefined.hostname.localhost,14593
1683565835,5,206.224.65.192,undefined.hostname.localhost,14593
1683565835,6,213.144.184.30,???,6762
1683565835,7,129.250.66.17,ae-9.r00.frnkge13.de.bb.gin.ntt.net,2914
1683565835,8,129.250.6.41,ae-2.r21.frnkge13.de.bb.gin.ntt.net,2914
1683565835,9,129.250.6.1,ae-0.r20.frnkge13.de.bb.gin.ntt.net,2914
1683565835,10,129.250.3.12,ae-14.r21.londen12.uk.bb.gin.ntt.net,2914
1683565835,11,129.250.2.111,ae-13.r25.asbnva02.us.bb.gin.ntt.net,2914
1683565835,12,*,*,*
1683565835,13,129.250.6.237,ae-2.r24.snjsca04.us.bb.gin.ntt.net,2914
1683565835,14,129.250.2.119,ae-5.r26.osakjp02.jp.bb.gin.ntt.net,2914
1683565835,15,129.250.2.40,ae-1.r02.osakjp02.jp.bb.gin.ntt.net,2914
1683565835,16,140.91.218.11,???,31898
1683565835,17,*,*,*
1683565835,18,*,*,*
1683565835,19,*,*,*
1683565835,20,*,*,*
1683565835,21,*,*,*
1683565835,22,*,*,*
1683565835,23,*,*,*
1683565835,24,*,*,*
1683565835,25,*,*,*
1683565835,26,*,*,*
1683565835,27,*,*,*
1683565835,28,*,*,*
1683565835,29,*,*,*
1683568712,1,192.168.1.1,???,
1683568712,2,100.64.0.1,???,
1683568712,3,172.16.251.90,???,
1683568712,4,206.224.65.208,undefined.hostname.localhost,14593
1683568712,5,*,*,*
1683568712,6,213.144.184.30,???,6762
1683568712,7,129.250.66.17,ae-9.r00.frnkge13.de.bb.gin.ntt.net,2914
1683568712,8,129.250.6.41,ae-2.r21.frnkge13.de.bb.gin.ntt.net,2914
1683568712,9,129.250.6.1,ae-0.r20.frnkge13.de.bb.gin.ntt.net,2914
1683568712,10,129.250.3.12,ae-14.r21.londen12.uk.bb.gin.ntt.net,2914
1683568712,11,129.250.2.111,ae-13.r25.asbnva02.us.bb.gin.ntt.net,2914
1683568712,12,129.250.2.37,ae-1.r24.asbnva02.us.bb.gin.ntt.net,2914
1683568712,13,*,*,*
1683568712,14,*,*,*
1683568712,15,129.250.2.40,ae-1.r02.osakjp02.jp.bb.gin.ntt.net,2914
1683568712,16,140.91.218.11,???,31898
1683568712,17,*,*,*
1683568712,18,*,*,*
1683568712,19,*,*,*
1683568712,20,*,*,*
1683568712,21,*,*,*
1683568712,22,*,*,*
1683568712,23,*,*,*
1683568712,24,*,*,*
1683568712,25,*,*,*
1683568712,26,*,*,*
1683568712,27,*,*,*
1683568712,28,*,*,*
1683568712,29,*,*,*
1683571548,1,192.168.1.1,???,
1683571548,2,100.64.0.1,???,
1683571548,3,172.16.251.90,???,
1683571548,4,206.224.65.208,undefined.hostname.localhost,14593
1683571548,5,206.224.65.192,undefined.hostname.localhost,14593
1683571548,6,213.144.184.30,???,6762
1683571548,7,129.250.66.17,ae-9.r00.frnkge13.de.bb.gin.ntt.net,2914
1683571548,8,129.250.6.41,ae-2.r21.frnkge13.de.bb.gin.ntt.net,2914
1683571548,9,129.250.5.27,ae-12.r21.parsfr04.fr.bb.gin.ntt.net,2914
1683571548,10,*,*,*
1683571548,11,129.250.6.237,ae-2.r24.snjsca04.us.bb.gin.ntt.net,2914
1683571548,12,129.250.2.119,ae-5.r26.osakjp02.jp.bb.gin.ntt.net,2914
1683571548,13,129.250.2.40,ae-1.r02.osakjp02.jp.bb.gin.ntt.net,2914
1683571548,14,140.91.218.11,???,31898
1683571548,15,*,*,*
1683571548,16,*,*,*
1683571548,17,*,*,*
1683571548,18,*,*,*
1683571548,19,*,*,*
1683571548,20,*,*,*
1683571548,21,*,*,*
1683571548,22,*,*,*
1683571548,23,*,*,*
1683571548,24,*,*,*
1683571548,25,*,*,*
1683571548,26,*,*,*
1683571548,27,*,*,*
1683571548,28,*,*,*
1683571548,29,*,*,*
1683574332,1,192.168.1.1,???,
1683574332,2,100.64.0.1,???,
1683574332,3,172.16.251.90,???,
1683574332,4,206.224.65.208,undefined.hostname.localhost,14593
1683574332,5,206.224.65.192,undefined.hostname.localhost,14593
1683574332,6,213.144.184.30,???,6762
1683574332,7,129.250.66.17,ae-9.r00.frnkge13.de.bb.gin.ntt.net,2914
1683574332,8,129.250.6.41,ae-2.r21.frnkge13.de.bb.gin.ntt.net,2914
1683574332,9,*,*,*
1683574332,10,129.250.6.6,ae-13.r24.asbnva02.us.bb.gin.ntt.net,2914
1683574332,11,129.250.6.237,ae-2.r24.snjsca04.us.bb.gin.ntt.net,2914
1683574332,12,129.250.2.119,ae-5.r26.osakjp02.jp.bb.gin.ntt.net,2914
1683574332,13,129.250.2.40,ae-1.r02.osakjp02.jp.bb.gin.ntt.net,2914
1683574332,14,140.91.218.11,???,31898
1683574332,15,*,*,*
1683574332,16,*,*,*
1683574332,17,*,*,*
1683574332,18,*,*,*
1683574332,19,*,*,*
1683574332,20,*,*,*
1683574332,21,*,*,*
1683574332,22,*,*,*
1683574332,23,*,*,*
1683574332,24,*,*,*
1683574332,25,*,*,*
1683574332,26,*,*,*
1683574332,27,*,*,*
1683574332,28,*,*,*
1683574332,29,*,*,*
1683577269,1,192.168.1.1,???,
1683577269,2,100.64.0.1,???,
1683577269,3,172.16.251.90,???,
1683577269,4,206.224.65.208,undefined.hostname.localhost,14593
1683577269,5,206.224.65.192,undefined.hostname.localhost,14593
1683577269,6,213.144.184.30,???,6762
1683577269,7,129.250.66.17,ae-9.r00.frnkge13.de.bb.gin.ntt.net,2914
1683577269,8,129.250.6.41,ae-2.r21.frnkge13.de.bb.gin.ntt.net,2914
1683577269,9,129.250.5.27,ae-12.r21.parsfr04.fr.bb.gin.ntt.net,2914
1683577269,10,129.250.6.6,ae-13.r24.asbnva02.us.bb.gin.ntt.net,2914
1683577269,11,*,*,*
1683577269,12,129.250.2.119,ae-5.r26.osakjp02.jp.bb.gin.ntt.net,2914
1683577269,13,129.250.2.40,ae-1.r02.osakjp02.jp.bb.gin.ntt.net,2914
1683577269,14,140.91.218.11,???,31898
1683577269,15,*,*,*
1683577269,16,*,*,*
1683577269,17,*,*,*
1683577269,18,*,*,*
1683577269,19,*,*,*
1683577269,20,*,*,*
1683577269,21,*,*,*
1683577269,22,*,*,*
1683577269,23,*,*,*
1683577269,24,*,*,*
1683577269,25,*,*,*
1683577269,26,*,*,*
1683577269,27,*,*,*
1683577269,28,*,*,*
1683577269,29,*,*,*
1683579856,1,192.168.1.1,???,
1683579856,2,100.64.0.1,???,
1683579856,3,172.16.251.90,???,
1683579856,4,206.224.65.208,undefined.hostname.localhost,14593
1683579856,5,206.224.65.192,undefined.hostname.localhost,14593
1683579856,6,213.144.184.30,???,6762
1683579856,7,129.250.66.17,ae-9.r00.frnkge13.de.bb.gin.ntt.net,2914
1683579856,8,129.250.6.41,ae-2.r21.frnkge13.de.bb.gin.ntt.net,2914
1683579856,9,*,*,*
1683579856,10,129.250.6.6,ae-13.r24.asbnva02.us.bb.gin.ntt.net,2914
1683579856,11,129.250.6.237,ae-2.r24.snjsca04.us.bb.gin.ntt.net,2914
1683579856,12,129.250.2.119,ae-5.r26.osakjp02.jp.bb.gin.ntt.net,2914
1683579856,13,129.250.2.40,ae-1.r02.osakjp02.jp.bb.gin.ntt.net,2914
1683579856,14,140.91.218.11,???,31898
1683579856,15,*,*,*
1683579856,16,*,*,*
1683579856,17,*,*,*
1683579856,18,*,*,*
1683579856,19,*,*,*
1683579856,20,*,*,*
1683579856,21,*,*,*
1683579856,22,*,*,*
1683579856,23,*,*,*
1683579856,24,*,*,*
1683579856,25,*,*,*
1683579856,26,*,*,*
1683579856,27,*,*,*
1683579856,28,*,*,*
1683579856,29,*,*,*
1683582113,1,192.168.1.1,???,
1683582113,2,100.64.0.1,???,
1683582113,3,172.16.251.90,???,
1683582113,4,206.224.65.208,undefined.hostname.localhost,14593
1683582113,5,206.224.65.192,undefined.hostname.localhost,14593
1683582113,6,213.144.184.30,???,6762
1683582113,7,129.250.66.17,ae-9.r00.frnkge13.de.bb.gin.ntt.net,2914
1683582113,8,129.250.6.41,ae-2.r21.frnkge13.de.bb.gin.ntt.net,2914
1683582113,9,129.250.5.27,ae-12.r21.parsfr04.fr.bb.gin.ntt.net,2914
1683582113,10,129.250.6.6,ae-13.r24.asbnva02.us.bb.gin.ntt.net,2914
1683582113,11,*,*,*
1683582113,12,129.250.2.119,ae-5.r26.osakjp02.jp.bb.gin.ntt.net,2914
1683582113,13,129.250.2.40,ae-1.r02.osakjp02.jp.bb.gin.ntt.net,2914
1683582113,14,140.91.218.11,???,31898
1683582113,15,*,*,*
1683582113,16,*,*,*
1683582113,17,*,*,*
1683582113,18,*,*,*
1683582113,19,*,*,*
1683582113,20,*,*,*
1683582113,21,*,*,*
1683582113,22,*,*,*
1683582113,23,*,*,*
1683582113,24,*,*,*
1683582113,25,*,*,*
1683582113,26,*,*,*
1683582113,27,*,*,*
1683582113,28,*,*,*
1683582113,29,*,*,*
1683584351,1,192.168.1.1,???,
1683584351,2,100.64.0.1,???,
1683584351,3,172.16.251.90,???,
1683584351,4,206.224.65.208,undefined.hostname.localhost,14593
1683584351,5,206.224.65.192,undefined.hostname.localhost,14593
1683584351,6,213.144.184.30,???,6762
1683584351,7,129.250.66.17,ae-9.r00.frnkge13.de.bb.gin.ntt.net,2914
1683584351,8,129.250.6.41,ae-2.r21.frnkge13.de.bb.gin.ntt.net,2914
1683584351,9,129.250.5.27,ae-12.r21.parsfr04.fr.bb.gin.ntt.net,2914
1683584351,10,129.250.6.6,ae-13.r24.asbnva02.us.bb.gin.ntt.net,2914
1683584351,11,*,*,*
1683584351,12,129.250.2.119,ae-5.r26.osakjp02.jp.bb.gin.ntt.net,2914
1683584351,13,129.250.2.40,ae-1.r02.osakjp02.jp.bb.gin.ntt.net,2914
1683584351,14,140.91.218.11,???,31898
1683584351,15,*,*,*
1683584351,16,*,*,*
1683584351,17,*,*,*
1683584351,18,*,*,*
1683584351,19,*,*,*
1683584351,20,*,*,*
1683584351,21,*,*,*
1683584351,22,*,*,*
1683584351,23,*,*,*
1683584351,24,*,*,*
1683584351,25,*,*,*
1683584351,26,*,*,*
1683584351,27,*,*,*
1683584351,28,*,*,*
1683584351,29,*,*,*
1683586515,1,192.168.1.1,???,
1683586515,2,100.64.0.1,???,
1683586515,3,172.16.251.90,???,
1683586515,4,206.224.65.208,undefined.hostname.localhost,14593
1683586515,5,206.224.65.192,undefined.hostname.localhost,14593
1683586515,6,213.144.184.30,???,6762
1683586515,7,129.250.66.17,ae-9.r00.frnkge13.de.bb.gin.ntt.net,2914
1683586515,8,129.250.6.41,ae-2.r21.frnkge13.de.bb.gin.ntt.net,2914
1683586515,9,129.250.5.27,ae-12.r21.parsfr04.fr.bb.gin.ntt.net,2914
1683586515,10,129.250.6.6,ae-13.r24.asbnva02.us.bb.gin.ntt.net,2914
1683586515,11,129.250.6.237,ae-2.r24.snjsca04.us.bb.gin.ntt.net,2914
1683586515,12,129.250.2.119,ae-5.r26.osakjp02.jp.bb.gin.ntt.net,2914
1683586515,13,129.250.2.40,ae-1.r02.osakjp02.jp.bb.gin.ntt.net,2914
1683586515,14,140.91.218.11,???,31898
1683586515,15,*,*,*
1683586515,16,*,*,*
1683586515,17,*,*,*
1683586515,18,*,*,*
1683586515,19,*,*,*
1683586515,20,*,*,*
1683586515,21,*,*,*
1683586515,22,*,*,*
1683586515,23,*,*,*
1683586515,24,*,*,*
1683586515,25,*,*,*
1683586515,26,*,*,*
1683586515,27,*,*,*
1683586515,28,*,*,*
1683586515,29,*,*,*
1683588688,1,192.168.1.1,???,
1683588688,2,100.64.0.1,???,
1683588688,3,172.16.251.90,???,
1683588688,4,206.224.65.208,undefined.hostname.localhost,14593
1683588688,5,206.224.65.192,undefined.hostname.localhost,14593
1683588688,6,213.144.184.30,???,6762
1683588688,7,129.250.66.17,ae-9.r00.frnkge13.de.bb.gin.ntt.net,2914
1683588688,8,129.250.6.41,ae-2.r21.frnkge13.de.bb.gin.ntt.net,2914
1683588688,9,129.250.5.27,ae-12.r21.parsfr04.fr.bb.gin.ntt.net,2914
1683588688,10,129.250.6.6,ae-13.r24.asbnva02.us.bb.gin.ntt.net,2914
1683588688,11,129.250.6.237,ae-2.r24.snjsca04.us.bb.gin.ntt.net,2914
1683588688,12,129.250.2.119,ae-5.r26.osakjp02.jp.bb.gin.ntt.net,2914
1683588688,13,129.250.2.40,ae-1.r02.osakjp02.jp.bb.gin.ntt.net,2914
1683588688,14,140.91.218.11,???,31898
1683588688,15,*,*,*
1683588688,16,*,*,*
1683588688,17,*,*,*
1683588688,18,*,*,*
1683588688,19,*,*,*
1683588688,20,*,*,*
1683588688,21,*,*,*
1683588688,22,*,*,*
1683588688,23,*,*,*
1683588688,24,*,*,*
1683588688,25,*,*,*
1683588688,26,*,*,*
1683588688,27,*,*,*
1683588688,28,*,*,*
1683588688,29,*,*,*
1683590843,1,192.168.1.1,???,
1683590843,2,100.64.0.1,???,
1683590843,3,172.16.251.90,???,
1683590843,4,206.224.65.208,undefined.hostname.localhost,14593
1683590843,5,206.224.65.192,undefined.hostname.localhost,14593
1683590843,6,213.144.184.30,???,6762
1683590843,7,129.250.66.17,ae-9.r00.frnkge13.de.bb.gin.ntt.net,2914
1683590843,8,129.250.6.41,ae-2.r21.frnkge13.de.bb.gin.ntt.net,2914
1683590843,9,129.250.5.27,ae-12.r21.parsfr04.fr.bb.gin.ntt.net,2914
1683590843,10,129.250.6.6,ae-13.r24.asbnva02.us.bb.gin.ntt.net,2914
1683590843,11,129.250.6.237,ae-2.r24.snjsca04.us.bb.gin.ntt.net,2914
1683590843,12,*,*,*
1683590843,13,129.250.2.40,ae-1.r02.osakjp02.jp.bb.gin.ntt.net,2914
1683590843,14,140.91.218.11,???,31898
1683590843,15,*,*,*
1683590843,16,*,*,*
1683590843,17,*,*,*
1683590843,18,*,*,*
1683590843,19,*,*,*
1683590843,20,*,*,*
1683590843,21,*,*,*
1683590843,22,*,*,*
1683590843,23,*,*,*
1683590843,24,*,*,*
1683590843,25,*,*,*
1683590843,26,*,*,*
1683590843,27,*,*,*
1683590843,28,*,*,*
1683590843,29,*,*,*
1683593010,1,192.168.1.1,???,
1683593010,2,100.64.0.1,???,
1683593010,3,172.16.251.90,???,
1683593010,4,206.224.65.208,undefined.hostname.localhost,14593
1683593010,5,206.224.65.192,undefined.hostname.localhost,14593
1683593010,6,213.144.184.30,???,6762
1683593010,7,129.250.66.17,ae-9.r00.frnkge13.de.bb.gin.ntt.net,2914
1683593010,8,129.250.6.41,ae-2.r21.frnkge13.de.bb.gin.ntt.net,2914
1683593010,9,129.250.5.27,ae-12.r21.parsfr04.fr.bb.gin.ntt.net,2914
1683593010,10,129.250.6.6,ae-13.r24.asbnva02.us.bb.gin.ntt.net,2914
1683593010,11,129.250.6.237,ae-2.r24.snjsca04.us.bb.gin.ntt.net,2914
1683593010,12,129.250.2.119,ae-5.r26.osakjp02.jp.bb.gin.ntt.net,2914
1683593010,13,129.250.2.40,ae-1.r02.osakjp02.jp.bb.gin.ntt.net,2914
1683593010,14,140.91.218.11,???,31898
1683593010,15,*,*,*
1683593010,16,*,*,*
1683593010,17,*,*,*
1683593010,18,*,*,*
1683593010,19,*,*,*
1683593010,20,*,*,*
1683593010,21,*,*,*
1683593010,22,*,*,*
1683593010,23,*,*,*
1683593010,24,*,*,*
1683593010,25,*,*,*
1683593010,26,*,*,*
1683593010,27,*,*,*
1683593010,28,*,*,*
1683593010,29,*,*,*
1683595171,1,192.168.1.1,???,
1683595171,2,100.64.0.1,???,
1683595171,3,172.16.251.90,???,
1683595171,4,206.224.65.208,undefined.hostname.localhost,14593
1683595171,5,206.224.65.192,undefined.hostname.localhost,14593
1683595171,6,213.144.184.30,???,6762
1683595171,7,129.250.66.17,ae-9.r00.frnkge13.de.bb.gin.ntt.net,2914
1683595171,8,129.250.6.41,ae-2.r21.frnkge13.de.bb.gin.ntt.net,2914
1683595171,9,129.250.5.27,ae-12.r21.parsfr04.fr.bb.gin.ntt.net,2914
1683595171,10,129.250.6.6,ae-13.r24.asbnva02.us.bb.gin.ntt.net,2914
1683595171,11,*,*,*
1683595171,12,129.250.2.119,ae-5.r26.osakjp02.jp.bb.gin.ntt.net,2914
1683595171,13,129.250.2.40,ae-1.r02.osakjp02.jp.bb.gin.ntt.net,2914
1683595171,14,140.91.218.11,???,31898
1683595171,15,*,*,*
1683595171,16,*,*,*
1683595171,17,*,*,*
1683595171,18,*,*,*
1683595171,19,*,*,*
1683595171,20,*,*,*
1683595171,21,*,*,*
1683595171,22,*,*,*
1683595171,23,*,*,*
1683595171,24,*,*,*
1683595171,25,*,*,*
1683595171,26,*,*,*
1683595171,27,*,*,*
1683595171,28,*,*,*
1683595171,29,*,*,*
1683597323,1,192.168.1.1,???,
1683597323,2,100.64.0.1,???,
1683597323,3,172.16.251.90,???,
1683597323,4,206.224.65.208,undefined.hostname.localhost,14593
1683597323,5,206.224.65.192,undefined.hostname.localhost,14593
1683597323,6,213.144.184.30,???,6762
1683597323,7,129.250.66.17,ae-9.r00.frnkge13.de.bb.gin.ntt.net,2914
1683597323,8,129.250.6.41,ae-2.r21.frnkge13.de.bb.gin.ntt.net,2914
1683597323,9,129.250.5.27,ae-12.r21.parsfr04.fr.bb.gin.ntt.net,2914
1683597323,10,129.250.6.6,ae-13.r24.asbnva02.us.bb.gin.ntt.net,2914
1683597323,11,129.250.6.237,ae-2.r24.snjsca04.us.bb.gin.ntt.net,2914
1683597323,12,129.250.2.119,ae-5.r26.osakjp02.jp.bb.gin.ntt.net,2914
1683597323,13,129.250.2.40,ae-1.r02.osakjp02.jp.bb.gin.ntt.net,2914
1683597323,14,140.91.218.11,???,31898
1683597323,15,*,*,*
1683597323,16,*,*,*
1683597323,17,*,*,*
1683597323,18,*,*,*
1683597323,19,*,*,*
1683597323,20,*,*,*
1683597323,21,*,*,*
1683597323,22,*,*,*
1683597323,23,*,*,*
1683597323,24,*,*,*
1683597323,25,*,*,*
1683597323,26,*,*,*
1683597323,27,*,*,*
1683597323,28,*,*,*
1683597323,29,*,*,*
1683599539,1,192.168.1.1,???,
1683599539,2,100.64.0.1,???,
1683599539,3,172.16.251.90,???,
1683599539,4,206.224.65.208,undefined.hostname.localhost,14593
1683599539,5,206.224.65.192,undefined.hostname.localhost,14593
1683599539,6,213.144.184.30,???,6762
1683599539,7,129.250.66.17,ae-9.r00.frnkge13.de.bb.gin.ntt.net,2914
1683599539,8,129.250.6.41,ae-2.r21.frnkge13.de.bb.gin.ntt.net,2914
1683599539,9,129.250.5.27,ae-12.r21.parsfr04.fr.bb.gin.ntt.net,2914
1683599539,10,129.250.6.6,ae-13.r24.asbnva02.us.bb.gin.ntt.net,2914
1683599539,11,129.250.6.237,ae-2.r24.snjsca04.us.bb.gin.ntt.net,2914
1683599539,12,129.250.2.119,ae-5.r26.osakjp02.jp.bb.gin.ntt.net,2914
1683599539,13,129.250.2.40,ae-1.r02.osakjp02.jp.bb.gin.ntt.net,2914
1683599539,14,140.91.218.11,???,31898
1683599539,15,*,*,*
1683599539,16,*,*,*
1683599539,17,*,*,*
1683599539,18,*,*,*
1683599539,19,*,*,*
1683599539,20,*,*,*
1683599539,21,*,*,*
1683599539,22,*,*,*
1683599539,23,*,*,*
1683599539,24,*,*,*
1683599539,25,*,*,*
1683599539,26,*,*,*
1683599539,27,*,*,*
1683599539,28,*,*,*
1683599539,29,*,*,*
1683601727,1,192.168.1.1,???,
1683601727,2,100.64.0.1,???,
1683601727,3,172.16.251.90,???,
1683601727,4,206.224.65.208,undefined.hostname.localhost,14593
1683601727,5,206.224.65.192,undefined.hostname.localhost,14593
1683601727,6,213.144.184.30,???,6762
1683601727,7,129.250.66.17,ae-9.r00.frnkge13.de.bb.gin.ntt.net,2914
1683601727,8,129.250.6.41,ae-2.r21.frnkge13.de.bb.gin.ntt.net,2914
1683601727,9,129.250.5.27,ae-12.r21.parsfr04.fr.bb.gin.ntt.net,2914
1683601727,10,129.250.6.6,ae-13.r24.asbnva02.us.bb.gin.ntt.net,2914
1683601727,11,*,*,*
1683601727,12,129.250.2.119,ae-5.r26.osakjp02.jp.bb.gin.ntt.net,2914
1683601727,13,129.250.2.40,ae-1.r02.osakjp02.jp.bb.gin.ntt.net,2914
1683601727,14,140.91.218.11,???,31898
1683601727,15,*,*,*
1683601727,16,*,*,*
1683601727,17,*,*,*
1683601727,18,*,*,*
1683601727,19,*,*,*
1683601727,20,*,*,*
1683601727,21,*,*,*
1683601727,22,*,*,*
1683601727,23,*,*,*
1683601727,24,*,*,*
1683601727,25,*,*,*
1683601727,26,*,*,*
1683601727,27,*,*,*
1683601727,28,*,*,*
1683601727,29,*,*,*
1683603913,1,192.168.1.1,???,
1683603913,2,100.64.0.1,???,
1683603913,3,172.16.251.90,???,
1683603913,4,206.224.65.208,undefined.hostname.localhost,14593
1683603913,5,206.224.65.192,undefined.hostname.localhost,14593
1683603913,6,213.144.184.30,???,6762
1683603913,7,129.250.66.17,ae-9.r00.frnkge13.de.bb.gin.ntt.net,2914
1683603913,8,129.250.6.41,ae-2.r21.frnkge13.de.bb.gin.ntt.net,2914
1683603913,9,129.250.5.27,ae-12.r21.parsfr04.fr.bb.gin.ntt.net,2914
1683603913,10,129.250.6.6,ae-13.r24.asbnva02.us.bb.gin.ntt.net,2914
1683603913,11,129.250.6.237,ae-2.r24.snjsca04.us.bb.gin.ntt.net,2914
1683603913,12,129.250.2.119,ae-5.r26.osakjp02.jp.bb.gin.ntt.net,2914
1683603913,13,129.250.2.40,ae-1.r02.osakjp02.jp.bb.gin.ntt.net,2914
1683603913,14,140.91.218.11,???,31898
1683603913,15,*,*,*
1683603913,16,*,*,*
1683603913,17,*,*,*
1683603913,18,*,*,*
1683603913,19,*,*,*
1683603913,20,*,*,*
1683603913,21,*,*,*
1683603913,22,*,*,*
1683603913,23,*,*,*
1683603913,24,*,*,*
1683603913,25,*,*,*
1683603913,26,*,*,*
1683603913,27,*,*,*
1683603913,28,*,*,*
1683603913,29,*,*,*
1683606208,1,192.168.1.1,???,
1683606208,2,100.64.0.1,???,
1683606208,3,172.16.251.90,???,
1683606208,4,206.224.65.208,undefined.hostname.localhost,14593
1683606208,5,206.224.65.192,undefined.hostname.localhost,14593
1683606208,6,213.144.184.30,???,6762
1683606208,7,129.250.66.17,ae-9.r00.frnkge13.de.bb.gin.ntt.net,2914
1683606208,8,129.250.6.41,ae-2.r21.frnkge13.de.bb.gin.ntt.net,2914
1683606208,9,129.250.5.27,ae-12.r21.parsfr04.fr.bb.gin.ntt.net,2914
1683606208,10,129.250.6.6,ae-13.r24.asbnva02.us.bb.gin.ntt.net,2914
1683606208,11,129.250.6.237,ae-2.r24.snjsca04.us.bb.gin.ntt.net,2914
1683606208,12,129.250.2.119,ae-5.r26.osakjp02.jp.bb.gin.ntt.net,2914
1683606208,13,129.250.2.40,ae-1.r02.osakjp02.jp.bb.gin.ntt.net,2914
1683606208,14,140.91.218.11,???,31898
1683606208,15,*,*,*
1683606208,16,*,*,*
1683606208,17,*,*,*
1683606208,18,*,*,*
1683606208,19,*,*,*
1683606208,20,*,*,*
1683606208,21,*,*,*
1683606208,22,*,*,*
1683606208,23,*,*,*
1683606208,24,*,*,*
1683606208,25,*,*,*
1683606208,26,*,*,*
1683606208,27,*,*,*
1683606208,28,*,*,*
1683606208,29,*,*,*
1683608644,1,192.168.1.1,???,
1683608644,2,100.64.0.1,???,
1683608644,3,172.16.251.90,???,
1683608644,4,206.224.65.208,undefined.hostname.localhost,14593
1683608644,5,206.224.65.192,undefined.hostname.localhost,14593
1683608644,6,213.144.184.30,???,6762
1683608644,7,129.250.66.17,ae-9.r00.frnkge13.de.bb.gin.ntt.net,2914
1683608644,8,129.250.6.41,ae-2.r21.frnkge13.de.bb.gin.ntt.net,2914
1683608644,9,129.250.5.27,ae-12.r21.parsfr04.fr.bb.gin.ntt.net,2914
1683608644,10,129.250.6.6,ae-13.r24.asbnva02.us.bb.gin.ntt.net,2914
1683608644,11,*,*,*
1683608644,12,129.250.2.119,ae-5.r26.osakjp02.jp.bb.gin.ntt.net,2914
1683608644,13,129.250.2.40,ae-1.r02.osakjp02.jp.bb.gin.ntt.net,2914
1683608644,14,140.91.218.11,???,31898
1683608644,15,*,*,*
1683608644,16,*,*,*
1683608644,17,*,*,*
1683608644,18,*,*,*
1683608644,19,*,*,*
1683608644,20,*,*,*
1683608644,21,*,*,*
1683608644,22,*,*,*
1683608644,23,*,*,*
1683608644,24,*,*,*
1683608644,25,*,*,*
1683608644,26,*,*,*
1683608644,27,*,*,*
1683608644,28,*,*,*
1683608644,29,*,*,*
1683611245,1,192.168.1.1,???,
1683611245,2,100.64.0.1,???,
1683611245,3,172.16.251.90,???,
1683611245,4,206.224.65.208,undefined.hostname.localhost,14593
1683611245,5,206.224.65.192,undefined.hostname.localhost,14593
1683611245,6,213.144.184.30,???,6762
1683611245,7,129.250.66.17,ae-9.r00.frnkge13.de.bb.gin.ntt.net,2914
1683611245,8,129.250.6.41,ae-2.r21.frnkge13.de.bb.gin.ntt.net,2914
1683611245,9,129.250.5.27,ae-12.r21.parsfr04.fr.bb.gin.ntt.net,2914
1683611245,10,129.250.6.6,ae-13.r24.asbnva02.us.bb.gin.ntt.net,2914
1683611245,11,129.250.6.237,ae-2.r24.snjsca04.us.bb.gin.ntt.net,2914
1683611245,12,129.250.2.119,ae-5.r26.osakjp02.jp.bb.gin.ntt.net,2914
1683611245,13,129.250.2.40,ae-1.r02.osakjp02.jp.bb.gin.ntt.net,2914
1683611245,14,140.91.218.11,???,31898
1683611245,15,*,*,*
1683611245,16,*,*,*
1683611245,17,*,*,*
1683611245,18,*,*,*
1683611245,19,*,*,*
1683611245,20,*,*,*
1683611245,21,*,*,*
1683611245,22,*,*,*
1683611245,23,*,*,*
1683611245,24,*,*,*
1683611245,25,*,*,*
1683611245,26,*,*,*
1683611245,27,*,*,*
1683611245,28,*,*,*
1683611245,29,*,*,*
1683614228,1,192.168.1.1,???,
1683614228,2,100.64.0.1,???,
1683614228,3,172.16.251.90,???,
1683614228,4,206.224.65.208,undefined.hostname.localhost,14593
1683614228,5,206.224.65.192,undefined.hostname.localhost,14593
1683614228,6,213.144.184.30,???,6762
1683614228,7,129.250.66.17,ae-9.r00.frnkge13.de.bb.gin.ntt.net,2914
1683614228,8,129.250.6.41,ae-2.r21.frnkge13.de.bb.gin.ntt.net,2914
1683614228,9,129.250.5.27,ae-12.r21.parsfr04.fr.bb.gin.ntt.net,2914
1683614228,10,129.250.6.6,ae-13.r24.asbnva02.us.bb.gin.ntt.net,2914
1683614228,11,129.250.6.237,ae-2.r24.snjsca04.us.bb.gin.ntt.net,2914
1683614228,12,129.250.2.119,ae-5.r26.osakjp02.jp.bb.gin.ntt.net,2914
1683614228,13,129.250.2.40,ae-1.r02.osakjp02.jp.bb.gin.ntt.net,2914
1683614228,14,140.91.218.11,???,31898
1683614228,15,*,*,*
1683614228,16,*,*,*
1683614228,17,*,*,*
1683614228,18,*,*,*
1683614228,19,*,*,*
1683614228,20,*,*,*
1683614228,21,*,*,*
1683614228,22,*,*,*
1683614228,23,*,*,*
1683614228,24,*,*,*
1683614228,25,*,*,*
1683614228,26,*,*,*
1683614228,27,*,*,*
1683614228,28,*,*,*
1683614228,29,*,*,*
1683617418,1,192.168.1.1,???,
1683617418,2,100.64.0.1,???,
1683617418,3,172.16.251.90,???,
1683617418,4,206.224.65.208,undefined.hostname.localhost,14593
1683617418,5,206.224.65.192,undefined.hostname.localhost,14593
1683617418,6,213.144.184.30,???,6762
1683617418,7,129.250.66.17,ae-9.r00.frnkge13.de.bb.gin.ntt.net,2914
1683617418,8,129.250.6.41,ae-2.r21.frnkge13.de.bb.gin.ntt.net,2914
1683617418,9,129.250.5.27,ae-12.r21.parsfr04.fr.bb.gin.ntt.net,2914
1683617418,10,129.250.6.6,ae-13.r24.asbnva02.us.bb.gin.ntt.net,2914
1683617418,11,129.250.6.237,ae-2.r24.snjsca04.us.bb.gin.ntt.net,2914
1683617418,12,129.250.2.119,ae-5.r26.osakjp02.jp.bb.gin.ntt.net,2914
1683617418,13,129.250.2.40,ae-1.r02.osakjp02.jp.bb.gin.ntt.net,2914
1683617418,14,140.91.218.11,???,31898
1683617418,15,*,*,*
1683617418,16,*,*,*
1683617418,17,*,*,*
1683617418,18,*,*,*
1683617418,19,*,*,*
1683617418,20,*,*,*
1683617418,21,*,*,*
1683617418,22,*,*,*
1683617418,23,*,*,*
1683617418,24,*,*,*
1683617418,25,*,*,*
1683617418,26,*,*,*
1683617418,27,*,*,*
1683617418,28,*,*,*
1683617418,29,*,*,*
1683620502,1,192.168.1.1,???,
1683620502,2,100.64.0.1,???,
1683620502,3,172.16.251.90,???,
1683620502,4,206.224.65.208,undefined.hostname.localhost,14593
1683620502,5,206.224.65.192,undefined.hostname.localhost,14593
1683620502,6,213.144.184.30,???,6762
1683620502,7,129.250.66.17,ae-9.r00.frnkge13.de.bb.gin.ntt.net,2914
1683620502,8,*,*,*
1683620502,9,129.250.5.27,ae-12.r21.parsfr04.fr.bb.gin.ntt.net,2914
1683620502,10,129.250.6.6,ae-13.r24.asbnva02.us.bb.gin.ntt.net,2914
1683620502,11,*,*,*
1683620502,12,129.250.2.119,ae-5.r26.osakjp02.jp.bb.gin.ntt.net,2914
1683620502,13,129.250.2.40,ae-1.r02.osakjp02.jp.bb.gin.ntt.net,2914
1683620502,14,140.91.218.11,???,31898
1683620502,15,*,*,*
1683620502,16,*,*,*
1683620502,17,*,*,*
1683620502,18,*,*,*
1683620502,19,*,*,*
1683620502,20,*,*,*
1683620502,21,*,*,*
1683620502,22,*,*,*
1683620502,23,*,*,*
1683620502,24,*,*,*
1683620502,25,*,*,*
1683620502,26,*,*,*
1683620502,27,*,*,*
1683620502,28,*,*,*
1683620502,29,*,*,*
1683623362,1,192.168.1.1,???,
1683623362,2,100.64.0.1,???,
1683623362,3,172.16.251.90,???,
1683623362,4,206.224.65.208,undefined.hostname.localhost,14593
1683623362,5,206.224.65.192,undefined.hostname.localhost,14593
1683623362,6,213.144.184.30,???,6762
1683623362,7,129.250.66.17,ae-9.r00.frnkge13.de.bb.gin.ntt.net,2914
1683623362,8,129.250.6.41,ae-2.r21.frnkge13.de.bb.gin.ntt.net,2914
1683623362,9,*,*,*
1683623362,10,129.250.6.6,ae-13.r24.asbnva02.us.bb.gin.ntt.net,2914
1683623362,11,129.250.6.237,ae-2.r24.snjsca04.us.bb.gin.ntt.net,2914
1683623362,12,129.250.2.119,ae-5.r26.osakjp02.jp.bb.gin.ntt.net,2914
1683623362,13,129.250.2.40,ae-1.r02.osakjp02.jp.bb.gin.ntt.net,2914
1683623362,14,140.91.218.11,???,31898
1683623362,15,*,*,*
1683623362,16,*,*,*
1683623362,17,*,*,*
1683623362,18,*,*,*
1683623362,19,*,*,*
1683623362,20,*,*,*
1683623362,21,*,*,*
1683623362,22,*,*,*
1683623362,23,*,*,*
1683623362,24,*,*,*
1683623362,25,*,*,*
1683623362,26,*,*,*
1683623362,27,*,*,*
1683623362,28,*,*,*
1683623362,29,*,*,*
1683626309,1,192.168.1.1,???,
1683626309,2,100.64.0.1,???,
1683626309,3,172.16.251.90,???,
1683626309,4,206.224.65.208,undefined.hostname.localhost,14593
1683626309,5,206.224.65.192,undefined.hostname.localhost,14593
1683626309,6,213.144.184.30,???,6762
1683626309,7,129.250.66.17,ae-9.r00.frnkge13.de.bb.gin.ntt.net,2914
1683626309,8,129.250.6.41,ae-2.r21.frnkge13.de.bb.gin.ntt.net,2914
1683626309,9,129.250.5.27,ae-12.r21.parsfr04.fr.bb.gin.ntt.net,2914
1683626309,10,129.250.6.6,ae-13.r24.asbnva02.us.bb.gin.ntt.net,2914
1683626309,11,*,*,*
1683626309,12,129.250.2.119,ae-5.r26.osakjp02.jp.bb.gin.ntt.net,2914
1683626309,13,129.250.2.40,ae-1.r02.osakjp02.jp.bb.gin.ntt.net,2914
1683626309,14,140.91.218.11,???,31898
1683626309,15,*,*,*
1683626309,16,*,*,*
1683626309,17,*,*,*
1683626309,18,*,*,*
1683626309,19,*,*,*
1683626309,20,*,*,*
1683626309,21,*,*,*
1683626309,22,*,*,*
1683626309,23,*,*,*
1683626309,24,*,*,*
1683626309,25,*,*,*
1683626309,26,*,*,*
1683626309,27,*,*,*
1683626309,28,*,*,*
1683626309,29,*,*,*
1683629324,1,192.168.1.1,???,
1683629324,2,100.64.0.1,???,
1683629324,3,172.16.251.90,???,
1683629324,4,206.224.65.208,undefined.hostname.localhost,14593
1683629324,5,206.224.65.192,undefined.hostname.localhost,14593
1683629324,6,213.144.184.30,???,6762
1683629324,7,129.250.66.17,ae-9.r00.frnkge13.de.bb.gin.ntt.net,2914
1683629324,8,129.250.6.41,ae-2.r21.frnkge13.de.bb.gin.ntt.net,2914
1683629324,9,*,*,*
1683629324,10,129.250.6.6,ae-13.r24.asbnva02.us.bb.gin.ntt.net,2914
1683629324,11,129.250.6.237,ae-2.r24.snjsca04.us.bb.gin.ntt.net,2914
1683629324,12,129.250.2.119,ae-5.r26.osakjp02.jp.bb.gin.ntt.net,2914
1683629324,13,129.250.2.40,ae-1.r02.osakjp02.jp.bb.gin.ntt.net,2914
1683629324,14,140.91.218.11,???,31898
1683629324,15,*,*,*
1683629324,16,*,*,*
1683629324,17,*,*,*
1683629324,18,*,*,*
1683629324,19,*,*,*
1683629324,20,*,*,*
1683629324,21,*,*,*
1683629324,22,*,*,*
1683629324,23,*,*,*
1683629324,24,*,*,*
1683629324,25,*,*,*
1683629324,26,*,*,*
1683629324,27,*,*,*
1683629324,28,*,*,*
1683629324,29,*,*,*
